[DATA]
fp = ./

[CENTER_POSITION]
s = 0.1
r0 = 8.
theta0 = 1.5707963267948966
phi0 = 1.5707963267948966

[SPHERE]
rho = 1.
theta = 1.5707963267948966
phi = 3.141592653589793
omega = 0.005

[PHOTON]
chi = 1.
iota = -0.5
eta = 1.5707963267948966
rotation = positive

[OBSERVER]
ro = 15.
thetao = 1.
phio = 0.

[NUMERICS]
start = 0.
stop = 40
num = 1000
abserr = 1e-7
relerr = 1e-7


