[DATA]
fp = /home/jan-menno/Data/25_08_2021/s0/phi_075/

[CENTER_POSITION]
s = -0
r0 = 8.
theta0 = 1.5707963267948966
phi0 = 2.356194490192345

[SPHERE]
rho = 1.
theta = 1.5707963267948966
phi = 0.

[PHOTON]
chi = 1.
iota = -0.5
eta = 1.5707963267948966
rotation = positive

[OBSERVER]
ro = 35.
thetao = 1.
phio = 0.

[NUMERICS]
start = 0.
stop = 100
num = 100000
abserr = 1e-7
relerr = 1e-7


