[DATA]
fp = ./

[CENTER_POSITION]
s = -0
r0 = 8.
theta0 = 1.5707963267948966
phi0 = 0.

[SPHERE]
rho = 1.
theta = 1.5707963267948966
phi = 0.
omega = 0.005

[PHOTON]
chi = 1.
iota = -0.5
eta = 1.5707963267948966
rotation = positive

[OBSERVER]
ro = 35.
thetao = 1.
phio = 1.5707963267948966

[NUMERICS]
start = 0.
stop = 150
num = 30000
abserr = 1e-7
relerr = 1e-7


